0.000000000000000000e+00 0.000000000000000000e+00 0.000000000000000000e+00
0.000000000000000000e+00 0.000000000000000000e+00 4.697829174696476429e+01
1.098762946061432544e+00 4.726992129416844790e+01 4.687205038897917575e+01
1.106160275186138087e+01 4.328256868360131193e+01 3.933263568818357214e+01
2.516046561402834669e+01 2.861909326910965490e+01 2.468801095112597466e+01
5.746103031446590848e+00 1.013574201422207821e+01 8.657736868619871018e+00
4.761525339351238983e+01 9.110034833387498310e+00 4.532327906520199434e+01
4.264770542494447625e+01 3.862368716916366651e+01 3.835345579024744467e+01
4.088185865836042865e+01 4.270316810787696937e+01 4.993522780304605391e+01
2.986541738636478271e+01 2.987557979754280879e+01 2.931815090600542106e+01
2.194398498210937376e+01 3.666202699367433837e+01 3.656939144443416723e+01
5.297218513482778235e+01 3.877352338599402515e+01 4.807454949073525796e+01
4.811095281473703267e+01 4.909338784505124664e+01 4.683074874387016706e+01
6.291422701963907116e+01 4.622731665668302981e+01 5.885003244488893870e+01
6.080688668582774170e+01 5.853177721715115922e+01 5.455742888138344426e+01
3.612708713270777849e+01 5.423603225916258452e+01 5.131191581740768015e+01
5.536098288084005503e+01 5.516719966223185168e+01 5.691751230934131200e+01
4.664134131663973903e+01 5.658186913277992147e+01 5.278417455567024774e+01
6.438849027097673172e+01 5.116607877328453924e+01 5.673318202305126334e+01
5.542403046704765046e+01 5.763926351547581106e+01 5.172644957330570037e+01
5.079115772960639674e+01 5.199280150687071966e+01 4.701188968841554328e+01
