0.000000000000000000e+00 0.000000000000000000e+00 0.000000000000000000e+00
0.000000000000000000e+00 0.000000000000000000e+00 1.167320815562774783e+02
0.000000000000000000e+00 4.605289499904345973e+01 3.924168444186854998e+01
3.026348725088504921e+01 3.388666120081052924e+01 3.384509720144505707e+01
1.365195299731548850e+00 1.314096828582388410e+00 1.360673791109994646e+00
4.714640287113754102e-02 4.635759064808712276e-02 4.894168648575976388e-02
4.367807176946300274e+01 4.086561453321543524e+01 4.041699695581299068e+01
7.527874345990950289e+00 7.137426242653018171e+00 6.962726868189077933e+00
1.720570505285760987e+01 1.742824249997052988e+01 1.798041099915644025e+01
3.842393188921810321e+01 4.877199708744156226e+01 4.929400435477440112e+01
6.280162905323413725e+01 5.648509115576917594e+01 8.253712092498395236e+01
1.021603161693077197e+02 1.122922293924660835e+02 1.029283374144115726e+02
9.423132591291880544e+01 1.312811966091594513e+02 1.500284699144117440e+02
5.751359426762921601e+01 1.559205557299582381e+02 1.316118904697476353e+02
7.797405780489921767e+01 1.361175048242983507e+02 1.239481268636985476e+02
7.172073669624793979e+01 1.218321158101190065e+02 1.091548229186308419e+02
1.302943010650649853e+02 1.388192951835391966e+02 1.730581708682450426e+02
1.752999973423899860e+02 1.616829810832855117e+02 1.944897632434268075e+02
1.288153260300061334e+02 1.640868355144785653e+02 1.445367885621476205e+02
1.218162348126641490e+02 1.445209324265890416e+02 1.296542201356243140e+02
1.091057093453341338e+02 1.297224528046771752e+02 1.167280177753527823e+02
